角度：  -15.496    19.572   -45.566
角度：  -15.518    19.567   -45.571
角度：  -15.524    19.561   -45.571
角度：  -15.540    19.556   -45.566
角度：  -15.529    19.567   -45.560
角度：  -15.524    19.567   -45.555
角度：  -15.540    19.561   -45.555
角度：  -15.551    19.556   -45.555
角度：  -15.551    19.556   -45.555
角度：  -15.557    19.556   -45.549
角度：  -15.557    19.556   -45.549
角度：  -15.568    19.550   -45.549
角度：  -15.573    19.550   -45.549
角度：  -15.568    19.550   -45.549
角度：  -15.573    19.550   -45.549
角度：  -15.584    19.545   -45.549
角度：  -15.584    19.545   -45.549
角度：  -16.820    18.704   -15.436
角度：  -16.826    18.704   -15.436
角度：  -16.826    18.699   -15.436
角度：  -16.842    18.699   -15.452
角度：  -16.837    18.704   -15.447
角度：  -16.831    18.704   -15.447
角度：  -16.837    18.699   -15.447
角度：  -16.837    18.699   -15.447
角度：  -16.837    18.699   -15.452
角度：  -16.842    18.704   -15.447
角度：  -16.842    18.704   -15.441
角度：  -16.842    18.699   -15.447
角度：  -16.848    18.699   -15.447
角度：  -16.842    18.693   -15.452
角度：  -16.842    18.693   -15.452
角度：  -16.842    18.693   -15.452
角度：  -16.837    18.693   -15.452
角度：  -16.848    18.688   -15.452
角度：  -16.848    18.688   -15.452
角度：  -17.677    18.259   -15.656
角度：  -17.682    18.259   -15.656
角度：  -17.682    18.259   -15.656
角度：  -17.682    18.259   -15.656
角度：  -17.682    18.259   -15.656
角度：  -17.682    18.259   -15.656
角度：  -17.682    18.259   -15.656
角度：  -17.688    18.259   -15.650
角度：  -17.688    18.259   -15.650
角度：  -17.688    18.259   -15.650
角度：  -17.682    18.259   -15.650
角度：  -17.682    18.259   -15.650
角度：  -17.682    18.259   -15.650
角度：  -17.688    18.259   -15.650
角度：  -17.688    18.259   -15.650
角度：  -17.688    18.265   -15.650
角度：  -17.693    18.265   -15.650
角度：  -17.693    18.270   -15.650
角度：  -17.688    18.270   -15.650
角度：  -17.688    18.276   -15.656
角度：  -17.688    18.276   -15.656
角度：  -17.693    18.281   -15.656
角度：  -17.699    18.281   -15.656
角度：  -17.699    18.287   -15.656
角度：  -17.699    18.287   -15.656
角度：  -17.693    18.287   -15.661
角度：  -17.693    18.287   -15.661
角度：  -17.699    18.292   -15.661
角度：  -17.699    18.292   -15.661
角度：  -17.699    18.292   -15.661
角度：  -17.699    18.292   -15.661
角度：  -17.699    18.298   -15.661
角度：  -17.699    18.298   -15.667
角度：  -17.699    18.298   -15.667
角度：  -17.699    18.292   -15.667
角度：  -17.704    18.298   -15.667
角度：  -17.704    18.298   -15.667
角度：  -17.710    18.298   -15.667
角度：  -17.704    18.298   -15.667
角度：  -17.704    18.292   -15.667
角度：  -17.704    18.292   -15.667
角度：  -17.704    18.292   -15.667
角度：  -17.704    18.287   -15.667
角度：  -17.710    18.287   -15.667
角度：  -17.710    18.281   -15.667
角度：  -17.704    18.281   -15.667
角度：  -17.704    18.276   -15.667
角度：  -17.704    18.276   -15.667
角度：  -17.704    18.270   -15.661
角度：  -17.704    18.270   -15.661
角度：  -17.704    18.270   -15.661
角度：  -17.704    18.270   -15.661
角度：  -17.704    18.270   -15.661
角度：  -17.704    18.270   -15.661
角度：  -17.704    18.270   -15.661
角度：  -17.704    18.270   -15.661
角度：  -17.704    18.270   -15.661
角度：  -17.704    18.270   -15.661
角度：  -17.704    18.270   -15.661
角度：  -17.704    18.270   -15.661
角度：  -17.710    18.270   -15.661
角度：  -17.704    18.270   -15.661
角度：  -17.704    18.270   -15.661
角度：  -17.704    18.270   -15.661
角度：  -17.704    18.270   -15.661
角度：  -17.704    18.270   -15.661
角度：  -17.710    18.270   -15.661
角度：  -17.710    18.270   -15.661
角度：  -17.710    18.265   -15.661
角度：  -17.710    18.270   -15.661
角度：  -17.710    18.270   -15.661
角度：  -17.710    18.270   -15.661
