角度：  144.410    -1.978     3.142
角度：  144.410    -1.978     3.142
角度：  144.410    -1.978     3.142
角度：  144.410    -1.978     3.142
角度：  144.404    -1.978     3.142
角度：  144.404    -1.978     3.142
角度：  144.399    -1.972     3.131
角度：  144.399    -1.972     3.131
角度：  141.779    -1.659     3.301
角度：  153.649   -16.584    12.722
角度：  154.248   -45.868    23.994
角度：  139.927   -68.450    37.941
角度：  100.607   -84.672    75.520
角度：  -42.429   -79.497  -140.856
角度：  -58.085   -66.473  -123.536
角度：  -65.693   -57.233  -115.192
角度：  -73.471   -53.888  -107.880
角度：  -82.227   -53.383  -100.915
角度：  -96.202   -44.269   -85.655
角度：  -98.597   -33.865   -79.508
角度：  -98.904   -24.225   -73.455
角度：  -99.772   -17.342   -66.676
角度： -101.393   -12.805   -59.606
角度： -102.651    -9.965   -51.268
角度： -101.717    -7.306   -42.567
角度：  -97.300    -3.389   -33.294
角度：  -91.071     0.143   -24.109
角度：  -87.380     1.769   -15.282
角度：  -99.662     3.884    -5.856
角度： -111.253    -6.680     7.289
角度： -127.513   -24.005    25.505
角度： -136.956   -12.052    23.395
角度： -145.651    -5.449    28.905
角度： -158.862    39.743    90.154
角度：  -42.841    46.373  -115.307
角度：  -39.227    -8.459   -57.662
角度：  -57.426    -6.921   -42.737
角度：  -78.333    -8.388   -38.870
角度：  -98.064    -9.553   -37.776
角度： -116.680   -10.118   -36.260
角度： -134.236   -10.261   -34.684
角度： -150.809   -10.107   -33.179
角度：  178.868    -9.218   -30.526
角度：  165.042    -8.580   -29.405
角度：  153.935    -7.174   -27.493
角度：  155.814    -6.542   -26.603
角度：  159.291    -5.460   -24.933
角度：  160.895    -4.999   -24.148
角度：  162.411    -4.581   -23.395
角度：  163.845    -4.208   -22.676
角度：  165.207    -3.873   -21.995
角度：  166.492    -3.571   -21.346
角度：  167.706    -3.301   -20.726
角度：  168.854    -3.054   -20.138
角度：  169.942    -2.840   -19.583
角度：  170.964    -2.642   -19.056
角度：  171.936    -2.466   -18.561
角度：  172.848    -2.307   -18.089
角度：  173.710    -2.164   -17.644
角度：  174.523    -2.032   -17.221
角度：  175.292    -1.917   -16.826
角度：  176.012    -1.813   -16.452
角度：  176.693    -1.719   -16.095
角度：  177.341    -1.637   -15.765
角度：  177.946    -1.560   -15.452
角度：  178.522    -1.489   -15.156
角度：  179.061    -1.428   -14.875
角度：  179.566    -1.384   -14.656
角度： -179.813    -2.346   -16.458
角度： -173.452   -15.244   -21.885
角度： -176.369   -16.661   -21.319
角度： -178.544   -26.197   -22.385
角度： -179.160   -32.767   -13.211
角度：  154.308   -37.513    24.917
角度：  129.512   -31.547    50.900
角度：  122.025   -18.995    71.219
角度：  128.941    -7.646    78.640
角度：  127.178    -4.043    96.465
角度：  128.298     4.570   118.087
角度：  139.823     0.928   135.341
角度：  149.700     3.796   138.647
角度：  161.274     5.372   151.024
角度：  167.618    -0.643   157.626
角度：  171.936    -7.196   162.592
角度：  166.767   -12.585   168.080
角度：  173.535    -7.476   168.113
角度：  177.259     2.587   162.499
角度：  178.473    19.193   155.132
角度：  174.331    44.621   137.395
角度：  171.870    34.349   119.290
角度：  170.821    29.465   115.098
角度：  164.454    29.229   108.902
角度：  155.396    38.952   102.321
角度：  155.248    50.641    96.460
角度：  155.901    58.024    93.604
角度：  149.848    63.770    84.210
角度：  150.397    63.177    83.837
角度：  146.640    53.015    88.802
角度：  141.674    54.756    86.869
角度：  143.229    49.894    94.351
角度：  143.108    49.889    94.323
角度：  142.432    43.868    95.680
角度：  142.234    34.865    99.717
角度：  141.768    34.492    99.690
角度：  140.999    34.096    99.130
角度：  141.806    33.107   101.997
角度：  141.641    32.487   104.238
角度：  141.465    30.108   106.815
角度：  143.218    24.604   111.676
角度：  145.382    19.484   115.417
角度：  145.728    18.441   118.021
角度：  144.245    16.870   119.658
角度：  143.685    16.194   120.817
角度：  143.943    15.656   121.668
角度：  144.432    15.842   122.503
角度：  144.877    15.623   122.668
角度：  144.712    15.128   121.899
角度：  144.646    14.760   122.509
角度：  145.712    13.925   123.717
角度：  146.525     9.998   124.552
角度：  147.305     6.323   126.134
角度：  146.508     4.493   129.518
角度：  146.486     4.636   133.550
角度：  143.745     1.082   134.489
角度：  141.240    -0.335   135.374
角度：  140.922    -0.956   136.588
角度：  140.806    -2.477   137.807
角度：  139.136    -3.609   139.356
角度：  138.505    -3.208   140.916
角度：  138.994    -2.878   141.130
角度：  139.345    -2.961   141.169
角度：  139.186    -2.818   140.982
角度：  138.823    -2.758   140.883
角度：  138.263    -2.988   141.553
角度：  137.521    -3.098   141.823
角度：  136.170    -2.807   142.548
角度：  135.209    -3.038   143.372
角度：  134.203    -4.455   144.113
角度：  132.984    -6.268   145.102
角度：  132.550    -6.817   145.437
角度：  131.704    -7.701   146.107
角度：  131.111    -8.652   146.678
角度：  130.435    -9.333   146.843
角度：  130.045    -9.344   146.931
角度：  129.743    -9.871   147.393
角度：  129.419   -10.113   147.964
角度：  128.853   -10.481   149.019
角度：  129.073   -10.596   149.156
角度：  129.188   -11.788   150.106
角度：  128.996   -13.250   150.930
角度：  127.095   -14.617   153.248
角度：  127.227   -14.749   153.990
角度：  128.046   -13.118   152.968
角度：  126.617   -12.085   152.309
角度：  126.425   -11.865   152.271
角度：  126.557   -11.810   152.347
角度：  126.332   -11.827   152.386
角度：  126.194   -11.816   152.314
角度：  126.107   -11.854   152.227
角度：  126.057   -11.700   152.303
角度：  126.013   -11.777   152.364
角度：  126.134   -11.909   152.424
角度：  126.123   -12.546   152.825
角度：  126.255   -13.085   152.919
角度：  126.387   -13.519   153.210
角度：  126.628   -14.084   153.254
角度：  126.667   -14.227   153.512
角度：  126.755   -14.870   153.864
角度：  126.898   -15.557   154.325
角度：  126.777   -16.364   154.770
角度：  126.579   -17.600   155.605
角度：  126.315   -18.397   156.484
角度：  126.403   -18.677   156.627
角度：  127.496   -19.127   156.072
角度：  129.117   -14.925   151.282
角度：  134.264   -10.135   146.437
角度：  139.032    -0.714   139.675
角度：  134.258    22.253   119.734
角度：  129.133    52.081    85.567
角度：  126.716    50.889    81.480
角度：  124.585    50.565    78.003
角度：  122.382    50.081    75.905
角度：  120.575    49.999    74.828
角度：  119.235    49.395    73.938
角度：  118.405    49.565    73.229
角度：  117.724    49.971    72.191
角度：  117.636    50.103    72.054
角度：  117.493    50.235    71.938
