角度：    5.729   -79.557    -4.230
角度：    5.839   -79.552    -4.164
角度：    5.944   -79.552    -4.081
角度：    6.048   -79.547    -4.010
角度：    6.147   -79.541    -3.939
角度：    6.240   -79.536    -3.867
角度：    6.323   -79.536    -3.801
角度：    6.400   -79.530    -3.752
角度：    6.476   -79.525    -3.702
角度：    6.548   -79.525    -3.653
角度：    6.614   -79.519    -3.615
角度：    6.680   -79.519    -3.576
角度：    6.735   -79.514    -3.532
角度：    6.790   -79.514    -3.494
角度：    6.844   -79.508    -3.461
角度：    6.888   -79.508    -3.428
角度：    6.932   -79.503    -3.395
角度：    6.971   -79.503    -3.367
角度：    7.015   -79.503    -3.340
角度：    7.053   -79.497    -3.312
角度：    7.125   -79.497    -3.263
角度：    7.152   -79.492    -3.241
角度：    7.180   -79.492    -3.219
角度：    7.207   -79.492    -3.203
角度：    7.234   -79.492    -3.181
角度：    7.256   -79.486    -3.164
角度：    7.273   -79.486    -3.148
角度：    7.295   -79.486    -3.137
角度：    7.317   -79.481    -3.120
角度：    7.339   -79.481    -3.104
角度：    7.355   -79.481    -3.093
角度：    7.366   -79.481    -3.082
角度：    7.388   -79.481    -3.071
角度：    7.399   -79.475    -3.060
角度：    7.416   -79.475    -3.049
角度：    7.432   -79.475    -3.038
角度：    7.443   -79.475    -3.032
角度：    7.460   -79.475    -3.021
角度：    7.471   -79.475    -3.016
角度：    7.482   -79.475    -3.005
角度：    7.487   -79.475    -2.999
角度：    7.498   -79.470    -2.994
角度：    7.504   -79.470    -2.988
角度：    7.509   -79.470    -2.983
角度：    7.526   -79.475    -2.972
角度：    7.531   -79.475    -2.966
角度：    7.537   -79.475    -2.961
角度：    7.542   -79.475    -2.955
角度：    7.548   -79.475    -2.955
角度：    7.553   -79.475    -2.950
角度：    7.553   -79.470    -2.944
角度：    7.559   -79.470    -2.944
角度：    7.559   -79.470    -2.939
角度：    7.564   -79.470    -2.933
角度：    7.564   -79.470    -2.933
角度：    7.570   -79.470    -2.928
角度：    7.570   -79.470    -2.928
角度：    7.570   -79.470    -2.928
角度：    7.570   -79.470    -2.922
角度：    7.570   -79.470    -2.922
角度：    7.570   -79.470    -2.917
角度：    7.570   -79.470    -2.917
角度：    7.570   -79.470    -2.911
角度：    7.575   -79.470    -2.911
角度：    7.575   -79.470    -2.911
角度：    7.575   -79.464    -2.906
角度：    7.575   -79.464    -2.906
角度：    7.581   -79.464    -2.906
角度：    7.581   -79.464    -2.906
角度：    7.581   -79.464    -2.906
角度：    7.581   -79.464    -2.900
角度：    7.586   -79.464    -2.900
角度：    7.581   -79.464    -2.900
角度：    7.581   -79.464    -2.900
角度：    7.575   -79.464    -2.900
角度：    7.575   -79.464    -2.900
角度：    7.570   -79.464    -2.900
角度：    7.570   -79.464    -2.895
角度：    7.570   -79.464    -2.895
角度：    7.570   -79.464    -2.895
角度：    7.570   -79.464    -2.895
角度：    7.570   -79.464    -2.895
角度：    7.570   -79.464    -2.895
角度：    7.570   -79.459    -2.895
角度：    7.570   -79.459    -2.895
角度：    7.570   -79.464    -2.895
角度：    7.570   -79.464    -2.895
角度：    7.570   -79.464    -2.895
角度：    7.564   -79.464    -2.895
角度：    7.564   -79.464    -2.895
角度：    7.559   -79.459    -2.889
角度：    7.559   -79.459    -2.889
角度：    7.559   -79.459    -2.889
角度：    7.553   -79.459    -2.889
角度：    7.559   -79.459    -2.889
角度：    7.559   -79.459    -2.889
角度：    7.559   -79.459    -2.889
角度：    7.559   -79.459    -2.889
角度：    7.559   -79.459    -2.889
角度：    7.559   -79.459    -2.889
角度：    7.559   -79.459    -2.889
角度：    7.559   -79.459    -2.889
角度：    7.559   -79.459    -2.889
角度：    7.559   -79.459    -2.889
角度：    7.559   -79.459    -2.889
角度：    7.553   -79.459    -2.889
角度：    7.559   -79.459    -2.889
角度：    7.553   -79.459    -2.889
角度：    7.553   -79.459    -2.889
角度：    7.553   -79.459    -2.889
角度：    7.553   -79.459    -2.889
角度：    7.553   -79.459    -2.889
角度：    7.548   -79.459    -2.889
角度：    7.542   -79.459    -2.889
角度：    7.542   -79.459    -2.889
角度：    7.542   -79.459    -2.889
角度：    7.542   -79.459    -2.889
角度：    7.537   -79.459    -2.889
角度：    7.537   -79.459    -2.889
角度：    7.537   -79.459    -2.889
角度：    7.531   -79.459    -2.889
角度：    7.531   -79.459    -2.889
角度：    7.537   -79.453    -2.889
角度：    7.531   -79.459    -2.889
角度：    7.531   -79.459    -2.889
角度：    7.526   -79.453    -2.889
角度：    7.526   -79.459    -2.889
角度：    7.526   -79.459    -2.889
角度：    7.548   -79.453    -2.889
角度：    7.619   -79.448    -2.944
角度：    7.646   -79.448    -2.983
角度：    7.619   -79.448    -2.966
角度：    7.641   -79.448    -2.999
角度：    7.674   -79.448    -3.049
角度：    7.674   -79.453    -3.060
角度：    7.652   -79.464    -3.049
角度：    7.701   -79.459    -3.115
角度：    7.696   -79.459    -3.126
角度：    7.712   -79.453    -3.142
角度：    7.723   -79.453    -3.170
角度：    7.740   -79.453    -3.197
角度：    7.767   -79.448    -3.246
角度：    7.751   -79.448    -3.252
角度：    7.734   -79.453    -3.252
角度：    7.745   -79.453    -3.279
角度：    7.773   -79.448    -3.323
角度：    7.789   -79.453    -3.362
角度：    7.800   -79.453    -3.395
角度：    7.767   -79.459    -3.395
角度：    7.756   -79.453    -3.389
角度：    7.745   -79.453    -3.395
角度：    7.729   -79.453    -3.411
角度：    7.723   -79.453    -3.428
角度：    7.718   -79.453    -3.439
角度：    7.718   -79.453    -3.455
角度：    7.718   -79.453    -3.472
角度：    7.723   -79.453    -3.499
角度：    7.718   -79.453    -3.521
角度：    7.718   -79.453    -3.538
角度：    7.701   -79.459    -3.543
角度：    7.685   -79.459    -3.543
角度：    7.668   -79.459    -3.527
角度：    7.652   -79.459    -3.532
角度：    7.668   -79.459    -3.554
角度：    7.668   -79.459    -3.565
角度：    7.674   -79.459    -3.582
角度：    7.668   -79.459    -3.598
角度：    7.668   -79.459    -3.609
角度：    7.663   -79.459    -3.620
角度：    7.657   -79.459    -3.631
角度：    7.652   -79.459    -3.636
角度：    7.652   -79.464    -3.653
角度：    7.663   -79.464    -3.675
角度：    7.712   -79.453    -3.746
角度：    7.696   -79.453    -3.746
角度：    7.685   -79.453    -3.752
角度：    7.696   -79.453    -3.779
角度：    7.696   -79.453    -3.796
角度：    7.707   -79.453    -3.829
角度：    7.696   -79.453    -3.834
角度：    7.668   -79.464    -3.823
角度：    7.679   -79.470    -3.851
角度：    7.690   -79.464    -3.878
角度：    7.696   -79.464    -3.900
角度：    7.701   -79.464    -3.928
角度：    7.729   -79.459    -3.977
角度：    7.723   -79.459    -4.005
角度：    7.712   -79.459    -3.994
角度：    7.718   -79.464    -4.026
角度：    7.718   -79.459    -4.037
角度：    7.712   -79.459    -4.054
角度：    7.729   -79.459    -4.076
角度：    7.734   -79.459    -4.109
角度：    7.734   -79.459    -4.131
角度：    7.740   -79.459    -4.158
角度：    7.740   -79.459    -4.175
角度：    7.718   -79.459    -4.180
角度：    7.701   -79.459    -4.180
角度：    7.685   -79.459    -4.180
角度：    7.663   -79.459    -4.180
角度：    7.652   -79.459    -4.180
角度：    7.608   -79.464    -4.158
角度：    7.586   -79.464    -4.147
角度：    7.575   -79.464    -4.142
角度：    7.542   -79.464    -4.120
角度：    7.526   -79.464    -4.109
角度：    7.504   -79.464    -4.098
角度：    7.498   -79.464    -4.098
角度：    7.493   -79.464    -4.092
角度：    7.476   -79.464    -4.081
角度：    7.454   -79.470    -4.065
角度：    7.449   -79.470    -4.065
角度：    7.438   -79.470    -4.054
角度：    7.394   -79.470    -4.010
角度：    7.383   -79.470    -3.999
角度：    7.383   -79.470    -3.999
角度：    7.366   -79.470    -3.972
角度：    7.333   -79.475    -3.933
角度：    7.339   -79.475    -3.939
角度：    7.333   -79.475    -3.928
角度：    7.328   -79.475    -3.917
角度：    7.300   -79.470    -3.873
角度：    7.245   -79.475    -3.730
角度：    7.218   -79.481    -3.609
角度：    7.224   -79.481    -3.516
角度：    7.213   -79.481    -3.422
角度：    7.213   -79.481    -3.334
角度：    7.224   -79.481    -3.263
角度：    7.234   -79.481    -3.197
角度：    7.240   -79.481    -3.148
角度：    7.256   -79.475    -3.098
角度：    7.256   -79.475    -3.049
角度：    7.267   -79.475    -3.010
角度：    7.273   -79.475    -2.961
角度：    7.207   -79.481    -2.851
角度：    7.196   -79.481    -2.796
角度：    7.213   -79.481    -2.769
角度：    7.191   -79.481    -2.714
角度：    7.174   -79.481    -2.664
角度：    7.158   -79.486    -2.620
角度：    7.169   -79.481    -2.593
角度：    7.158   -79.486    -2.543
角度：    7.174   -79.481    -2.532
角度：    7.169   -79.481    -2.488
角度：    7.163   -79.481    -2.450
角度：    7.125   -79.486    -2.384
角度：    7.147   -79.492    -2.390
角度：    7.180   -79.481    -2.395
角度：    7.163   -79.481    -2.340
角度：    7.152   -79.481    -2.296
角度：    7.158   -79.486    -2.274
角度：    7.158   -79.486    -2.269
角度：    7.158   -79.492    -2.247
角度：    7.152   -79.486    -2.225
角度：    7.163   -79.486    -2.225
角度：    7.185   -79.481    -2.230
角度：    7.180   -79.475    -2.208
角度：    7.191   -79.475    -2.203
角度：    7.191   -79.475    -2.197
角度：    7.180   -79.475    -2.186
角度：    7.174   -79.475    -2.170
角度：    7.169   -79.481    -2.153
角度：    7.180   -79.481    -2.148
角度：    7.191   -79.481    -2.142
角度：    7.196   -79.481    -2.137
角度：    7.185   -79.481    -2.115
角度：    7.185   -79.481    -2.098
角度：    7.180   -79.481    -2.087
角度：    7.185   -79.475    -2.082
角度：    7.191   -79.475    -2.076
角度：    7.180   -79.475    -2.076
角度：    7.169   -79.475    -2.065
角度：    7.174   -79.475    -2.065
角度：    7.158   -79.475    -2.027
角度：    7.174   -79.475    -2.027
角度：    7.163   -79.475    -1.994
角度：    7.169   -79.475    -1.983
角度：    7.174   -79.475    -1.978
角度：    7.174   -79.475    -1.961
角度：    7.185   -79.475    -1.961
角度：    7.185   -79.475    -1.956
角度：    7.174   -79.475    -1.928
角度：    7.163   -79.475    -1.895
角度：    7.158   -79.475    -1.879
角度：    7.152   -79.481    -1.862
角度：    7.169   -79.481    -1.857
角度：    7.174   -79.481    -1.857
角度：    7.174   -79.475    -1.840
角度：    7.185   -79.475    -1.840
角度：    7.191   -79.481    -1.840
角度：    7.158   -79.492    -1.802
角度：    7.218   -79.481    -1.862
角度：    7.224   -79.481    -1.846
角度：    7.174   -79.481    -1.769
角度：    7.174   -79.481    -1.758
角度：    7.158   -79.481    -1.703
角度：    7.152   -79.486    -1.697
角度：    7.147   -79.486    -1.692
角度：    7.141   -79.486    -1.670
角度：    7.125   -79.486    -1.648
角度：    7.185   -79.486    -1.703
角度：    7.185   -79.486    -1.697
角度：    7.191   -79.486    -1.692
角度：    7.169   -79.481    -1.659
角度：    7.174   -79.481    -1.653
角度：    7.163   -79.481    -1.620
角度：    7.174   -79.475    -1.615
角度：    7.174   -79.475    -1.604
角度：    7.169   -79.475    -1.588
角度：    7.180   -79.475    -1.588
角度：    7.180   -79.470    -1.571
角度：    7.191   -79.470    -1.571
角度：    7.202   -79.470    -1.571
角度：    7.213   -79.470    -1.571
角度：    7.218   -79.470    -1.571
角度：    7.224   -79.470    -1.571
角度：    7.229   -79.470    -1.571
角度：    7.234   -79.470    -1.571
角度：    7.245   -79.470    -1.571
角度：    7.251   -79.464    -1.571
角度：    7.256   -79.464    -1.571
角度：    7.251   -79.464    -1.555
角度：    7.251   -79.464    -1.549
角度：    7.256   -79.470    -1.544
角度：    7.262   -79.464    -1.549
角度：    7.278   -79.464    -1.555
角度：    7.229   -79.470    -1.511
角度：    7.218   -79.470    -1.489
角度：    7.196   -79.475    -1.450
角度：    7.202   -79.475    -1.450
角度：    7.191   -79.475    -1.428
角度：    7.218   -79.475    -1.445
角度：    7.152   -79.481    -1.368
角度：    7.136   -79.470    -1.335
角度：    7.207   -79.475    -1.379
角度：    7.196   -79.475    -1.357
角度：    7.202   -79.470    -1.357
角度：    7.202   -79.470    -1.351
角度：    7.196   -79.464    -1.340
角度：    7.196   -79.470    -1.329
角度：    7.191   -79.470    -1.307
角度：    7.180   -79.470    -1.291
角度：    7.103   -79.481    -1.198
角度：    7.202   -79.475    -1.291
角度：    7.180   -79.481    -1.258
角度：    7.213   -79.470    -1.280
角度：    7.196   -79.470    -1.241
角度：    7.174   -79.470    -1.208
角度：    7.174   -79.470    -1.192
角度：    7.158   -79.481    -1.165
角度：    7.169   -79.475    -1.165
角度：    7.180   -79.486    -1.170
角度：    7.180   -79.475    -1.165
角度：    7.185   -79.475    -1.165
角度：    7.224   -79.475    -1.198
角度：    7.180   -79.475    -1.143
角度：    7.163   -79.481    -1.121
角度：    7.169   -79.481    -1.121
角度：    7.185   -79.475    -1.126
角度：    7.185   -79.481    -1.110
角度：    7.207   -79.475    -1.126
角度：    7.213   -79.475    -1.126
角度：    7.224   -79.475    -1.126
角度：    7.213   -79.470    -1.110
角度：    7.240   -79.470    -1.137
角度：    7.240   -79.470    -1.121
角度：    7.191   -79.492    -1.126
角度：    7.185   -79.492    -1.143
角度：    7.174   -79.492    -1.126
角度：    7.158   -79.492    -1.110
角度：    7.158   -79.492    -1.099
角度：    7.169   -79.492    -1.104
角度：    7.174   -79.486    -1.099
角度：    7.185   -79.481    -1.099
角度：    7.119   -79.481    -1.000
角度：    7.114   -79.486    -0.983
角度：    7.130   -79.486    -0.989
角度：    7.141   -79.486    -0.989
角度：    7.152   -79.486    -0.983
角度：    7.141   -79.486    -0.961
角度：    7.125   -79.481    -0.934
角度：    7.130   -79.481    -0.928
角度：    7.125   -79.481    -0.912
角度：    7.130   -79.481    -0.901
角度：    7.136   -79.481    -0.895
角度：    7.147   -79.481    -0.895
角度：    7.152   -79.481    -0.901
角度：    7.174   -79.481    -0.912
角度：    7.185   -79.481    -0.923
角度：    7.136   -79.481    -0.862
角度：    7.152   -79.481    -0.873
角度：    7.158   -79.481    -0.868
角度：    7.147   -79.481    -0.851
角度：    7.130   -79.481    -0.829
角度：    7.125   -79.475    -0.818
角度：    7.119   -79.481    -0.797
角度：    7.097   -79.486    -0.769
角度：    7.136   -79.481    -0.802
角度：    7.130   -79.475    -0.786
角度：    7.152   -79.475    -0.802
角度：    7.136   -79.475    -0.780
角度：    7.169   -79.481    -0.791
角度：    7.130   -79.481    -0.747
角度：    7.130   -79.481    -0.731
角度：    7.152   -79.481    -0.747
角度：    7.130   -79.481    -0.709
角度：    7.125   -79.475    -0.687
角度：    7.119   -79.475    -0.676
角度：    7.163   -79.475    -0.698
角度：    7.136   -79.475    -0.659
角度：    7.163   -79.475    -0.676
角度：    7.141   -79.481    -0.643
角度：    7.158   -79.475    -0.648
角度：    7.147   -79.475    -0.621
角度：    7.141   -79.481    -0.610
角度：    7.108   -79.486    -0.566
角度：    7.103   -79.486    -0.544
角度：    7.147   -79.481    -0.577
角度：    7.158   -79.481    -0.577
角度：    7.180   -79.481    -0.588
角度：    7.141   -79.481    -0.538
角度：    7.130   -79.486    -0.522
角度：    7.125   -79.486    -0.500
角度：    7.158   -79.481    -0.527
角度：    7.147   -79.481    -0.505
角度：    7.169   -79.481    -0.511
角度：    7.130   -79.481    -0.461
角度：    7.125   -79.481    -0.450
角度：    7.114   -79.481    -0.428
角度：    7.053   -79.492    -0.352
角度：    7.092   -79.481    -0.374
角度：    7.092   -79.481    -0.368
角度：    7.119   -79.481    -0.390
角度：    7.158   -79.486    -0.423
角度：    7.114   -79.486    -0.368
角度：    7.125   -79.486    -0.368
角度：    7.119   -79.486    -0.363
角度：    7.119   -79.481    -0.352
角度：    7.125   -79.481    -0.341
角度：    7.136   -79.481    -0.341
角度：    7.141   -79.481    -0.341
角度：    7.147   -79.481    -0.341
角度：    7.158   -79.481    -0.341
角度：    7.163   -79.481    -0.341
角度：    7.158   -79.481    -0.330
角度：    7.125   -79.481    -0.291
角度：    7.136   -79.481    -0.291
角度：    7.136   -79.481    -0.286
角度：    7.125   -79.481    -0.264
角度：    7.119   -79.481    -0.247
角度：    7.125   -79.481    -0.242
角度：    7.136   -79.481    -0.242
角度：    7.141   -79.481    -0.242
角度：    7.114   -79.486    -0.209
角度：    7.125   -79.481    -0.214
角度：    7.136   -79.481    -0.220
角度：    7.130   -79.481    -0.209
角度：    7.130   -79.481    -0.203
角度：    7.136   -79.481    -0.198
角度：    7.130   -79.481    -0.187
角度：    7.136   -79.481    -0.187
角度：    7.141   -79.481    -0.187
角度：    7.147   -79.481    -0.187
角度：    7.152   -79.481    -0.187
角度：    7.158   -79.475    -0.187
角度：    7.163   -79.475    -0.187
角度：    7.169   -79.475    -0.187
角度：    7.174   -79.475    -0.187
角度：    7.180   -79.475    -0.187
角度：    7.185   -79.475    -0.187
角度：    7.196   -79.475    -0.187
角度：    7.202   -79.481    -0.187
角度：    7.218   -79.481    -0.192
角度：    7.207   -79.481    -0.181
角度：    7.191   -79.481    -0.154
角度：    7.196   -79.481    -0.154
角度：    7.180   -79.481    -0.137
角度：    7.185   -79.481    -0.143
角度：    7.174   -79.481    -0.126
角度：    7.169   -79.481    -0.115
角度：    7.163   -79.481    -0.099
角度：    7.158   -79.481    -0.088
角度：    7.163   -79.475    -0.082
角度：    7.125   -79.486    -0.038
角度：    7.136   -79.481    -0.044
角度：    7.158   -79.481    -0.060
角度：    7.158   -79.481    -0.060
角度：    7.119   -79.486    -0.022
角度：    7.114   -79.486    -0.016
角度：    7.125   -79.486    -0.016
角度：    7.125   -79.486    -0.011
角度：    7.125   -79.486     0.000
角度：    7.141   -79.486    -0.011
角度：    7.125   -79.486     0.000
角度：    7.141   -79.481     0.000
角度：    7.136   -79.486     0.011
角度：    7.108   -79.492     0.044
角度：    7.086   -79.486     0.077
角度：    7.136   -79.481     0.033
角度：    7.037   -79.486     0.027
角度：    7.031   -79.486    -0.055
角度：    7.031   -79.486    -0.154
角度：    7.031   -79.486    -0.225
角度：    7.042   -79.486    -0.313
角度：    7.053   -79.486    -0.396
角度：    7.064   -79.486    -0.472
角度：    7.075   -79.486    -0.538
角度：    7.086   -79.486    -0.610
角度：    7.092   -79.486    -0.681
角度：    7.097   -79.486    -0.742
角度：    7.064   -79.486    -0.758
角度：    7.092   -79.486    -0.829
角度：    7.081   -79.486    -0.862
角度：    7.097   -79.486    -0.950
角度：    7.097   -79.486    -0.983
角度：    7.097   -79.486    -1.033
角度：    7.103   -79.486    -1.071
角度：    7.108   -79.486    -1.121
角度：    7.119   -79.486    -1.159
角度：    7.125   -79.486    -1.192
角度：    7.136   -79.486    -1.219
角度：    7.141   -79.486    -1.252
角度：    7.152   -79.481    -1.274
角度：    7.152   -79.481    -1.296
角度：    7.163   -79.481    -1.318
角度：    7.169   -79.481    -1.340
角度：    7.169   -79.481    -1.373
角度：    7.169   -79.481    -1.390
角度：    7.180   -79.481    -1.428
角度：    7.185   -79.481    -1.461
角度：    7.180   -79.481    -1.461
角度：    7.180   -79.481    -1.472
角度：    7.174   -79.481    -1.472
角度：    7.158   -79.481    -1.461
角度：    7.163   -79.481    -1.478
角度：    7.169   -79.481    -1.494
角度：    7.174   -79.475    -1.500
角度：    7.180   -79.475    -1.505
角度：    7.180   -79.481    -1.511
角度：    7.185   -79.475    -1.522
角度：    7.185   -79.481    -1.538
角度：    7.191   -79.481    -1.555
角度：    7.191   -79.481    -1.566
角度：    7.191   -79.481    -1.577
角度：    7.196   -79.481    -1.599
角度：    7.196   -79.481    -1.615
角度：    7.202   -79.475    -1.615
角度：    7.202   -79.475    -1.615
角度：    7.202   -79.475    -1.609
角度：    7.202   -79.475    -1.609
角度：    7.202   -79.475    -1.604
角度：    7.207   -79.475    -1.599
角度：    7.207   -79.475    -1.599
角度：    7.207   -79.475    -1.593
角度：    7.213   -79.475    -1.588
角度：    7.213   -79.475    -1.588
角度：    7.218   -79.475    -1.582
角度：    7.218   -79.475    -1.582
角度：    7.224   -79.475    -1.577
角度：    7.218   -79.475    -1.577
角度：    7.218   -79.475    -1.577
角度：    7.218   -79.475    -1.571
角度：    7.213   -79.475    -1.571
角度：    7.213   -79.481    -1.571
角度：    7.213   -79.475    -1.566
角度：    7.213   -79.475    -1.566
角度：    7.213   -79.475    -1.566
角度：    7.213   -79.475    -1.560
角度：    7.218   -79.475    -1.560
角度：    7.218   -79.475    -1.560
角度：    7.224   -79.475    -1.560
角度：    7.224   -79.475    -1.560
角度：    7.229   -79.475    -1.555
角度：    7.229   -79.475    -1.555
角度：    7.229   -79.475    -1.555
角度：    7.229   -79.475    -1.555
角度：    7.224   -79.475    -1.555
角度：    7.224   -79.475    -1.555
角度：    7.224   -79.475    -1.549
角度：    7.224   -79.475    -1.549
角度：    7.229   -79.475    -1.549
角度：    7.224   -79.475    -1.549
角度：    7.224   -79.475    -1.549
角度：    7.224   -79.475    -1.549
角度：    7.224   -79.475    -1.549
角度：    7.224   -79.475    -1.549
角度：    7.224   -79.475    -1.549
角度：    7.229   -79.475    -1.549
角度：    7.229   -79.475    -1.544
角度：    7.229   -79.475    -1.544
角度：    7.229   -79.475    -1.544
角度：    7.229   -79.475    -1.544
角度：    7.224   -79.475    -1.544
角度：    7.224   -79.475    -1.544
角度：    7.229   -79.475    -1.544
角度：    7.229   -79.475    -1.544
角度：    7.229   -79.475    -1.544
角度：    7.234   -79.475    -1.544
角度：    7.234   -79.475    -1.544
角度：    7.229   -79.475    -1.544
角度：    7.234   -79.475    -1.544
角度：    7.234   -79.475    -1.544
角度：    7.234   -79.475    -1.544
角度：    7.229   -79.475    -1.544
角度：    7.229   -79.475    -1.544
角度：    7.229   -79.475    -1.544
角度：    7.224   -79.475    -1.544
角度：    7.224   -79.475    -1.544
角度：    7.224   -79.475    -1.544
角度：    7.224   -79.475    -1.544
角度：    7.224   -79.475    -1.544
角度：    7.224   -79.475    -1.544
角度：    7.229   -79.475    -1.544
角度：    7.229   -79.475    -1.544
角度：    7.229   -79.475    -1.544
角度：    7.229   -79.475    -1.544
角度：    7.229   -79.475    -1.544
角度：    7.202   -79.475    -1.511
角度：    7.202   -79.475    -1.494
角度：    7.267   -79.481    -1.549
角度：    7.256   -79.481    -1.566
角度：    7.251   -79.481    -1.560
角度：    7.234   -79.481    -1.549
角度：    7.229   -79.481    -1.549
角度：    7.224   -79.481    -1.538
角度：    7.218   -79.481    -1.538
角度：    7.213   -79.481    -1.538
角度：    7.218   -79.481    -1.533
角度：    7.213   -79.481    -1.533
角度：    7.213   -79.481    -1.533
角度：    7.213   -79.481    -1.533
角度：    7.218   -79.481    -1.533
角度：    7.218   -79.481    -1.533
角度：    7.218   -79.481    -1.533
角度：    7.218   -79.481    -1.533
角度：    7.218   -79.481    -1.533
角度：    7.224   -79.481    -1.533
角度：    7.224   -79.481    -1.533
角度：    7.224   -79.481    -1.533
角度：    7.224   -79.481    -1.533
角度：    7.224   -79.481    -1.533
角度：    7.224   -79.481    -1.533
角度：    7.224   -79.481    -1.533
角度：    7.224   -79.481    -1.533
角度：    7.218   -79.481    -1.533
角度：    7.218   -79.481    -1.533
角度：    7.213   -79.481    -1.533
角度：    7.213   -79.481    -1.533
角度：    7.213   -79.481    -1.533
角度：    7.213   -79.481    -1.533
角度：    7.213   -79.481    -1.533
角度：    7.213   -79.481    -1.533
角度：    7.213   -79.481    -1.533
角度：    7.207   -79.481    -1.533
角度：    7.207   -79.481    -1.533
角度：    7.207   -79.481    -1.533
角度：    7.207   -79.481    -1.533
角度：    7.207   -79.481    -1.533
角度：    7.207   -79.481    -1.533
角度：    7.213   -79.475    -1.533
角度：    7.213   -79.475    -1.533
角度：    7.218   -79.475    -1.533
角度：    7.218   -79.475    -1.533
角度：    7.218   -79.475    -1.533
角度：    7.218   -79.475    -1.533
角度：    7.218   -79.475    -1.533
角度：    7.218   -79.475    -1.533
角度：    7.218   -79.475    -1.533
角度：    7.218   -79.475    -1.533
角度：    7.218   -79.475    -1.533
角度：    7.213   -79.475    -1.533
角度：    7.213   -79.475    -1.533
角度：    7.213   -79.475    -1.533
角度：    7.213   -79.475    -1.533
角度：    7.218   -79.475    -1.533
角度：    7.218   -79.475    -1.533
角度：    7.218   -79.475    -1.533
角度：    7.218   -79.475    -1.533
角度：    7.218   -79.475    -1.533
角度：    7.218   -79.475    -1.533
角度：    7.218   -79.475    -1.533
角度：    7.218   -79.475    -1.533
角度：    7.218   -79.475    -1.533
角度：    7.218   -79.475    -1.533
角度：    7.218   -79.475    -1.533
角度：    7.218   -79.475    -1.533
角度：    7.224   -79.475    -1.533
角度：    7.224   -79.475    -1.533
角度：    7.224   -79.475    -1.533
角度：    7.224   -79.475    -1.533
角度：    7.224   -79.475    -1.533
角度：    7.322   -79.486    -1.642
角度：    7.284   -79.486    -1.609
角度：    7.273   -79.481    -1.620
角度：    7.273   -79.481    -1.631
角度：    7.278   -79.481    -1.659
角度：    7.262   -79.486    -1.637
角度：    7.251   -79.486    -1.631
角度：    7.262   -79.486    -1.642
角度：    7.245   -79.486    -1.626
角度：    7.224   -79.486    -1.604
角度：    7.191   -79.497    -1.571
角度：    7.196   -79.497    -1.582
角度：    7.185   -79.497    -1.577
角度：    7.163   -79.497    -1.555
角度：    7.163   -79.497    -1.549
角度：    7.130   -79.503    -1.522
角度：    7.141   -79.497    -1.522
角度：    7.152   -79.492    -1.527
角度：    7.152   -79.497    -1.522
角度：    7.141   -79.497    -1.505
角度：    7.114   -79.508    -1.472
角度：    7.136   -79.503    -1.494
角度：    7.141   -79.503    -1.494
角度：    7.147   -79.503    -1.500
角度：    7.141   -79.497    -1.494
角度：    7.141   -79.497    -1.494
角度：    7.141   -79.497    -1.489
角度：    7.152   -79.497    -1.489
角度：    7.174   -79.497    -1.483
角度：    7.234   -79.492    -1.544
角度：    7.185   -79.492    -1.500
角度：    7.163   -79.492    -1.478
角度：    7.158   -79.492    -1.472
角度：    7.152   -79.492    -1.472
角度：    7.152   -79.492    -1.472
角度：    7.158   -79.492    -1.472
角度：    7.158   -79.492    -1.472
角度：    7.158   -79.492    -1.472
角度：    7.158   -79.492    -1.472
角度：    7.158   -79.492    -1.472
角度：    7.300   -79.481    -1.615
角度：    6.707   -79.525    -1.033
角度：    6.718   -79.530    -1.088
角度：    6.537   -79.497    -0.670
角度：    3.400   -79.085     2.571
角度：   -0.159   -78.162     3.186
角度：   -7.548   -76.789     7.317
角度：   -1.555   -71.829    -3.362
角度：   -1.599   -63.935    -5.186
角度：   -4.158   -59.392    -5.411
角度：   -2.994   -57.316   -10.135
角度：   -4.735   -54.651   -10.668
角度：   -8.328   -52.383    -9.399
角度：  -11.250   -52.734   -11.876
角度：  -13.200   -52.850   -14.727
角度：  -13.244   -52.366   -18.012
角度：  -11.085   -54.388   -25.417
角度：  -13.683   -55.833   -27.861
角度：  -16.683   -57.096   -29.355
角度：  -14.420   -59.442   -34.898
角度：  -12.250   -59.639   -39.650
角度：  -10.300   -59.974   -44.143
角度：   -9.624   -60.667   -46.390
角度：   -5.251   -61.474   -51.971
角度：    0.829   -63.704   -58.332
角度：   12.360   -64.083   -70.060
角度：   17.650   -62.628   -75.624
角度：   21.341   -61.441   -78.162
角度：   23.505   -61.315   -79.882
角度：   23.445   -61.232   -79.931
角度：   26.966   -62.303   -83.584
角度：   34.832   -62.567   -90.302
角度：   47.895   -63.237   -99.404
角度：   47.406   -65.885   -97.806
角度：   46.346   -70.269   -95.856
角度：   40.518   -73.103   -88.731
角度：   36.332   -74.982   -83.985
角度：   18.578   -78.398   -65.841
角度：   16.622   -78.613   -62.292
角度：    9.575   -79.206   -54.481
角度：   10.937   -79.228   -54.959
角度：   15.073   -79.178   -58.557
角度：   15.068   -79.173   -58.282
角度：   15.793   -79.074   -58.651
角度：   16.578   -79.135   -58.332
角度：   16.474   -79.178   -57.750
角度：   16.436   -79.222   -57.266
角度：   16.392   -79.255   -56.805
角度：   16.331   -79.294   -56.327
角度：   16.287   -79.327   -55.909
角度：   16.260   -79.354   -55.508
角度：   16.188   -79.387   -55.085
角度：   16.166   -79.420   -54.728
角度：   13.914   -79.656   -51.993
角度：   14.584   -79.667   -52.086
角度：   13.672   -79.805   -50.477
角度：   14.227   -79.777   -50.570
角度：   14.612   -79.766   -50.521
角度：   14.678   -79.772   -50.153
角度：   17.704   -79.525   -52.603
角度：    8.899   -80.392   -41.973
角度：    8.284   -80.480   -40.858
角度：    8.432   -80.409   -40.600
角度：    8.278   -80.370   -40.007
角度：    7.701   -80.272   -38.254
角度：    6.465   -79.876   -36.689
角度：    5.894   -79.184   -35.695
角度：    5.707   -78.387   -35.057
角度：    4.807   -78.750   -34.755
角度：    4.587   -78.865   -34.953
角度：    3.675   -79.195   -34.327
角度：    3.647   -79.228   -34.568
角度：    3.505   -79.442   -35.815
角度：    3.499   -79.783   -36.887
角度：    3.900   -79.931   -37.826
角度：    4.856   -80.057   -38.831
角度：    6.108   -79.980   -38.232
角度：    6.108   -80.030   -38.397
角度：    6.114   -80.052   -38.529
角度：    6.119   -80.068   -38.661
角度：    6.136   -80.074   -38.793
角度：    6.147   -80.085   -38.914
角度：    6.169   -80.085   -39.018
角度：    5.328   -80.178   -38.188
角度：    3.444   -80.349   -36.458
角度：    2.845   -80.392   -35.986
角度：    3.153   -80.546   -36.134
角度：    3.373   -80.486   -36.387
角度：    3.433   -80.469   -36.469
角度：    2.895   -80.475   -35.997
角度：    2.631   -80.491   -35.782
角度：    2.521   -80.519   -35.706
角度：    2.554   -80.563   -35.771
角度：    3.422   -80.497   -36.524
角度：    4.246   -80.349   -37.271
角度：    3.950   -80.294   -36.722
角度：    3.307   -80.359   -36.079
角度：    2.840   -80.403   -35.596
角度：    2.802   -80.354   -35.541
角度：    3.093   -80.343   -35.771
角度：    4.169   -80.288   -36.738
角度：    4.241   -80.288   -36.771
角度：    4.427   -80.294   -36.848
角度：    4.526   -80.343   -36.892
角度：    4.609   -80.359   -36.909
角度：    4.625   -80.365   -36.876
角度：    4.620   -80.354   -36.826
角度：    4.587   -80.381   -36.749
角度：    4.433   -80.414   -36.568
角度：    4.307   -80.486   -36.354
角度：    4.147   -80.491   -36.161
角度：    4.219   -80.585   -36.140
角度：    3.955   -80.524   -35.854
角度：    3.730   -80.541   -35.601
角度：    3.724   -80.546   -35.557
角度：    3.686   -80.513   -35.491
角度：    3.763   -80.513   -35.535
角度：    3.697   -80.475   -35.453
角度：    3.834   -80.469   -35.552
角度：    4.043   -80.469   -35.728
角度：    4.048   -80.453   -35.706
角度：    4.367   -80.398   -35.964
角度：    4.378   -80.392   -35.942
角度：    4.384   -80.392   -35.914
角度：    4.389   -80.387   -35.892
角度：    4.389   -80.381   -35.854
角度：    4.389   -80.381   -35.826
角度：    4.400   -80.376   -35.810
角度：    4.411   -80.370   -35.804
角度：    4.444   -80.403   -35.810
角度：    4.208   -80.420   -35.568
角度：    4.224   -80.414   -35.563
角度：    3.966   -80.447   -35.299
角度：    3.768   -80.491   -35.090
角度：    3.785   -80.442   -35.079
角度：    3.499   -80.140   -34.810
角度：    3.235   -80.068   -34.557
角度：    3.120   -79.986   -34.470
角度：    3.005   -79.865   -34.371
角度：    2.829   -79.547   -34.239
角度：    2.741   -79.590   -34.118
角度：    3.087   -79.783   -34.404
角度：    4.252   -80.140   -35.145
角度：    4.345   -80.145   -35.162
角度：    4.356   -80.151   -35.118
角度：    4.378   -80.151   -35.068
角度：    4.395   -80.151   -35.024
角度：    4.455   -80.151   -35.013
角度：    4.532   -80.151   -35.035
角度：    4.719   -80.167   -35.101
角度：    4.620   -80.112   -34.931
角度：    4.631   -80.090   -34.920
角度：    4.664   -80.068   -34.904
角度：    4.658   -80.063   -34.843
角度：    4.675   -80.063   -34.788
角度：    4.675   -80.063   -34.706
角度：    4.691   -80.063   -34.618
角度：    4.697   -80.063   -34.547
角度：    4.708   -80.063   -34.464
角度：    4.713   -80.063   -34.393
角度：    4.719   -80.063   -34.327
角度：    4.730   -80.057   -34.261
角度：    4.741   -80.057   -34.195
角度：    4.741   -80.057   -34.129
角度：    4.752   -80.052   -34.069
角度：    4.757   -80.052   -34.008
角度：    4.763   -80.052   -33.948
角度：    4.768   -80.052   -33.904
角度：    4.774   -80.052   -33.854
角度：    4.785   -80.046   -33.810
角度：    4.790   -80.046   -33.772
角度：    4.801   -80.046   -33.734
角度：    4.807   -80.046   -33.701
角度：    4.807   -80.046   -33.668
角度：    4.812   -80.046   -33.635
角度：    4.818   -80.046   -33.591
角度：    4.823   -80.046   -33.563
角度：    4.828   -80.041   -33.530
角度：    4.828   -80.041   -33.497
角度：    4.828   -80.041   -33.481
角度：    4.834   -80.041   -33.459
角度：    4.834   -80.041   -33.442
角度：    4.719   -80.057   -33.322
角度：    4.900   -80.052   -33.453
角度：    4.850   -80.063   -33.420
角度：    4.867   -80.057   -33.415
角度：    4.856   -80.052   -33.393
角度：    4.867   -80.052   -33.371
角度：    4.867   -80.052   -33.349
角度：    4.861   -80.052   -33.327
角度：    4.861   -80.052   -33.311
角度：    4.861   -80.046   -33.300
角度：    4.856   -80.046   -33.283
角度：    4.861   -80.041   -33.267
角度：    4.856   -80.041   -33.261
角度：    4.861   -80.041   -33.256
角度：    4.867   -80.046   -33.245
角度：    4.867   -80.041   -33.228
角度：    4.867   -80.035   -33.212
角度：    4.867   -80.035   -33.217
角度：    4.872   -80.035   -33.217
角度：    4.878   -80.035   -33.212
角度：    4.883   -80.035   -33.212
角度：    4.889   -80.035   -33.212
角度：    4.889   -80.035   -33.206
角度：    4.889   -80.035   -33.206
角度：    4.889   -80.035   -33.206
角度：    4.894   -80.030   -33.201
角度：    4.905   -80.024   -33.201
角度：    4.900   -80.024   -33.201
角度：    4.900   -80.030   -33.201
角度：    4.894   -80.030   -33.201
角度：    4.845   -80.035   -33.195
角度：    4.867   -80.030   -33.195
角度：    4.867   -80.024   -33.190
角度：    4.878   -80.019   -33.190
角度：    4.823   -80.030   -33.135
角度：    4.834   -80.030   -33.140
角度：    4.834   -80.030   -33.135
角度：    4.839   -80.024   -33.129
角度：    4.834   -80.024   -33.124
角度：    4.839   -80.024   -33.124
角度：    4.845   -80.024   -33.124
角度：    4.850   -80.024   -33.124
角度：    4.856   -80.024   -33.124
角度：    4.861   -80.024   -33.124
角度：    4.872   -80.024   -33.118
角度：    4.878   -80.024   -33.118
角度：    4.883   -80.024   -33.118
角度：    4.889   -80.024   -33.118
角度：    4.894   -80.024   -33.118
角度：    4.900   -80.024   -33.118
角度：    4.905   -80.024   -33.118
角度：    4.609   -80.035   -32.882
角度：    4.537   -80.041   -32.893
角度：    3.719   -80.063   -32.064
角度：    0.923   -79.838   -32.986
角度：  -19.896   -74.982   -16.760
角度：  -16.018   -68.835   -24.368
角度：   -5.164   -57.222   -38.864
角度：    7.685   -55.547   -57.502
角度：    8.696   -55.827   -62.111
角度：    7.723   -62.358   -67.819
角度：   -1.653   -66.846   -66.407
角度：  -15.150   -67.429   -56.530
角度：  -24.521   -65.819   -50.499
角度：  -36.337   -70.406   -41.655
角度：  -37.590   -70.703   -43.709
角度：  -35.980   -72.109   -51.487
角度：  -44.445   -73.169   -47.258
角度：  -44.896   -73.597   -49.697
角度：  -52.273   -74.614   -45.582
角度：  -62.809   -76.520   -38.622
角度：  -57.151   -76.064   -45.928
角度：  -59.612   -75.284   -46.340
角度：  -57.640   -75.449   -52.300
角度：  -58.991   -75.229   -54.761
角度：  -60.859   -74.471   -54.943
角度：  -59.420   -74.669   -60.178
角度：  -59.941   -77.042   -62.600
角度：  -47.609   -79.706   -75.471
角度：  -32.124   -80.162   -92.274
角度：  -33.102   -79.420   -95.350
角度：  -56.206   -78.102   -77.542
角度：  -78.091   -76.899   -58.200
角度：  -87.122   -76.745   -51.328
角度：  -89.731   -76.932   -49.356
角度：  -93.697   -76.970   -46.000
角度： -103.228   -78.712   -36.601
角度： -109.512   -80.294   -28.466
角度： -111.105   -82.480   -23.906
角度： -105.562   -83.232   -28.636
角度：  -84.584   -83.441   -45.791
角度：  -29.158   -82.996   -94.417
角度：   10.256   -83.925  -127.804
角度：   53.937   -83.425  -164.608
角度：   64.572   -83.216  -170.316
角度：   -2.576   -83.496  -100.322
角度：   12.360   -82.908  -112.148
角度：    4.340   -82.925  -102.019
角度：    4.230   -82.848  -100.173
角度：    4.548   -82.776   -98.833
角度：    4.587   -82.722   -97.322
角度：    4.801   -82.678   -96.097
角度：    4.944   -82.628   -94.861
角度：    5.032   -82.590   -93.658
角度：    5.142   -82.557   -92.532
角度：    5.246   -82.524   -91.478
角度：    5.301   -82.496   -90.450
角度：    5.361   -82.474   -89.495
角度：    5.400   -82.452   -88.566
角度：    5.444   -82.436   -87.693
角度：    5.488   -82.419   -86.880
角度：    5.515   -82.403   -86.094
角度：    5.559   -82.386   -85.364
角度：    5.576   -82.365   -84.666
角度：    5.614   -82.343   -84.012
角度：    5.641   -82.326   -83.397
角度：    5.685   -82.326   -82.837
角度：    5.795   -82.293   -82.370
角度：    5.850   -82.271   -81.876
角度：    5.911   -82.260   -81.425
角度：    5.955   -82.249   -80.991
角度：    5.993   -82.238   -80.574
角度：    6.031   -82.227   -80.189
角度：    6.064   -82.216   -79.816
角度：    6.136   -82.189   -79.140
角度：    6.180   -82.178   -78.838
角度：    6.213   -82.178   -78.552
角度：    6.246   -82.172   -78.289
角度：    6.273   -82.167   -78.036
角度：    6.306   -82.156   -77.805
角度：    6.334   -82.145   -77.580
角度：    6.361   -82.134   -77.366
角度：    6.400   -82.123   -77.184
角度：    6.400   -82.112   -76.954
角度：    6.416   -82.106   -76.761
角度：    6.460   -82.095   -76.613
角度：    6.498   -82.095   -76.470
角度：    6.526   -82.090   -76.328
角度：    6.548   -82.084   -76.185
角度：    6.504   -82.084   -75.998
角度：    6.498   -82.073   -75.833
角度：    6.553   -82.062   -75.751
角度：    6.581   -82.062   -75.652
角度：    6.625   -82.057   -75.569
角度：    6.603   -82.024   -75.399
角度：    6.608   -82.018   -75.295
角度：    6.422   -82.051   -75.004
角度：    6.394   -81.985   -74.877
角度：    6.141   -81.964   -74.548
角度：    6.273   -81.953   -74.586
角度：    6.372   -81.931   -74.603
角度：    6.416   -81.931   -74.559
角度：    6.449   -81.925   -74.515
角度：    6.493   -81.920   -74.471
角度：    6.531   -81.920   -74.416
角度：    6.570   -81.920   -74.366
角度：    6.608   -81.920   -74.317
角度：    6.636   -81.920   -74.279
角度：    6.669   -81.920   -74.246
角度：    6.702   -81.920   -74.213
角度：    6.740   -81.914   -74.185
角度：    6.773   -81.920   -74.152
角度：    6.806   -81.920   -74.125
角度：    6.839   -81.920   -74.092
角度：    6.866   -81.920   -74.064
角度：    6.888   -81.920   -74.037
角度：    6.916   -81.920   -74.015
角度：    6.938   -81.920   -73.993
角度：    6.954   -81.920   -73.965
角度：    6.982   -81.920   -73.949
角度：    7.004   -81.920   -73.938
角度：    7.020   -81.920   -73.922
角度：    7.042   -81.920   -73.911
角度：    7.059   -81.920   -73.889
角度：    7.075   -81.920   -73.872
角度：    7.092   -81.920   -73.856
角度：    7.114   -81.920   -73.850
角度：    7.125   -81.920   -73.834
角度：    7.141   -81.920   -73.823
角度：    7.158   -81.920   -73.817
角度：    7.174   -81.920   -73.806
角度：    7.185   -81.920   -73.795
角度：    7.202   -81.920   -73.790
角度：    7.218   -81.914   -73.790
角度：    7.229   -81.914   -73.779
角度：    7.245   -81.914   -73.773
角度：    7.256   -81.914   -73.773
角度：    7.262   -81.914   -73.773
角度：    7.273   -81.914   -73.773
角度：    7.284   -81.914   -73.773
角度：    7.295   -81.909   -73.773
角度：    7.306   -81.909   -73.779
角度：    7.317   -81.909   -73.779
角度：    7.328   -81.909   -73.779
角度：    7.333   -81.909   -73.779
角度：    7.344   -81.909   -73.779
角度：    7.355   -81.909   -73.773
角度：    7.361   -81.903   -73.773
角度：    7.372   -81.903   -73.762
角度：    7.383   -81.903   -73.757
角度：    7.388   -81.903   -73.746
角度：    7.399   -81.903   -73.740
角度：    7.410   -81.898   -73.735
角度：    7.416   -81.898   -73.724
角度：    7.421   -81.898   -73.718
角度：    7.427   -81.898   -73.713
角度：    7.432   -81.898   -73.707
角度：    7.443   -81.892   -73.702
角度：    7.454   -81.892   -73.691
角度：    7.454   -81.892   -73.691
角度：    7.454   -81.887   -73.685
角度：    7.460   -81.887   -73.680
角度：    7.471   -81.887   -73.674
角度：    7.476   -81.887   -73.674
角度：    7.482   -81.881   -73.669
角度：    7.487   -81.881   -73.669
角度：    7.493   -81.881   -73.663
角度：    7.498   -81.881   -73.663
角度：    7.504   -81.881   -73.658
角度：    7.509   -81.876   -73.658
角度：    7.515   -81.876   -73.652
角度：    7.515   -81.876   -73.652
角度：    7.520   -81.876   -73.647
角度：    7.520   -81.876   -73.647
角度：    7.526   -81.876   -73.647
角度：    7.526   -81.876   -73.647
角度：    7.531   -81.870   -73.641
角度：    7.531   -81.870   -73.641
角度：    7.537   -81.870   -73.641
角度：    7.537   -81.870   -73.636
角度：    7.542   -81.870   -73.636
角度：    7.548   -81.870   -73.636
角度：    7.553   -81.870   -73.636
角度：    7.559   -81.870   -73.636
角度：    7.564   -81.870   -73.630
角度：    7.564   -81.870   -73.630
角度：    7.575   -81.865   -73.630
角度：    7.581   -81.865   -73.630
角度：    7.581   -81.865   -73.630
角度：    7.586   -81.865   -73.630
角度：    7.586   -81.865   -73.630
角度：    7.592   -81.865   -73.625
角度：    7.597   -81.865   -73.625
角度：    7.608   -81.865   -73.625
角度：    7.608   -81.865   -73.625
角度：    7.614   -81.859   -73.625
角度：    7.619   -81.859   -73.625
角度：    7.625   -81.859   -73.625
角度：    7.630   -81.859   -73.625
角度：    7.630   -81.859   -73.625
角度：    7.630   -81.859   -73.625
角度：    7.635   -81.859   -73.625
角度：    7.641   -81.859   -73.619
角度：    7.641   -81.859   -73.619
角度：    7.646   -81.859   -73.619
角度：    7.646   -81.859   -73.619
角度：    7.646   -81.859   -73.619
角度：    7.646   -81.859   -73.619
角度：    7.652   -81.859   -73.619
角度：    7.652   -81.859   -73.619
角度：    7.652   -81.854   -73.619
角度：    7.652   -81.854   -73.619
角度：    7.652   -81.854   -73.619
角度：    7.652   -81.854   -73.619
角度：    7.652   -81.854   -73.619
角度：    7.657   -81.854   -73.619
角度：    7.657   -81.854   -73.619
角度：    7.657   -81.854   -73.619
角度：    7.657   -81.854   -73.619
角度：    7.663   -81.854   -73.619
角度：    7.663   -81.854   -73.619
角度：    7.663   -81.854   -73.619
角度：    7.663   -81.854   -73.619
角度：    7.663   -81.848   -73.619
角度：    7.663   -81.848   -73.619
角度：    7.663   -81.848   -73.619
角度：    7.614   -81.854   -73.570
角度：    7.592   -81.870   -73.526
角度：    7.608   -81.881   -73.575
角度：    7.707   -81.876   -73.669
角度：    7.778   -81.870   -73.762
角度：    7.817   -81.870   -73.806
角度：    7.800   -81.870   -73.812
角度：    7.789   -81.876   -73.828
角度：    7.795   -81.876   -73.856
角度：    7.789   -81.876   -73.856
角度：    7.789   -81.876   -73.867
角度：    7.773   -81.876   -73.872
角度：    7.767   -81.876   -73.878
角度：    7.762   -81.876   -73.883
角度：    7.756   -81.876   -73.889
角度：    7.745   -81.870   -73.889
角度：    7.740   -81.870   -73.894
角度：    7.789   -81.865   -73.938
角度：    7.778   -81.865   -73.943
角度：    7.756   -81.870   -73.927
角度：    7.745   -81.865   -73.916
角度：    7.734   -81.870   -73.905
角度：    7.723   -81.870   -73.900
角度：    7.718   -81.870   -73.900
角度：    7.712   -81.870   -73.889
角度：    7.707   -81.870   -73.889
角度：    7.707   -81.870   -73.894
角度：    7.701   -81.870   -73.900
角度：    7.696   -81.870   -73.900
角度：    7.696   -81.870   -73.905
角度：    7.690   -81.865   -73.905
角度：    7.690   -81.865   -73.905
角度：    7.690   -81.859   -73.905
角度：    7.685   -81.859   -73.911
角度：    7.685   -81.859   -73.911
角度：    7.679   -81.854   -73.911
角度：    7.674   -81.854   -73.911
角度：    7.663   -81.859   -73.911
角度：    7.668   -81.854   -73.916
角度：    7.668   -81.854   -73.922
角度：    7.679   -81.854   -73.932
角度：    7.674   -81.859   -73.943
角度：    7.701   -81.859   -73.971
角度：    7.690   -81.865   -73.971
角度：    7.701   -81.865   -73.976
角度：    7.701   -81.865   -73.971
角度：    7.696   -81.859   -73.971
角度：    7.696   -81.859   -73.971
角度：    7.696   -81.859   -73.971
角度：    7.690   -81.859   -73.971
角度：    7.679   -81.859   -73.960
角度：    7.679   -81.854   -73.954
角度：    7.674   -81.854   -73.949
角度：    7.674   -81.854   -73.949
角度：    7.668   -81.854   -73.943
角度：    7.674   -81.854   -73.943
角度：    7.630   -81.870   -73.905
角度：    7.657   -81.854   -73.938
角度：    7.646   -81.854   -73.916
角度：    7.635   -81.854   -73.905
角度：    7.641   -81.854   -73.905
角度：    7.635   -81.854   -73.905
角度：    7.635   -81.854   -73.900
角度：    7.641   -81.854   -73.905
角度：    7.635   -81.854   -73.905
角度：    7.635   -81.854   -73.900
角度：    7.635   -81.854   -73.900
角度：    7.641   -81.848   -73.900
角度：    7.641   -81.848   -73.900
角度：    7.635   -81.848   -73.889
角度：    7.619   -81.854   -73.856
角度：    7.635   -81.832   -73.878
角度：    7.608   -81.821   -73.850
角度：    7.597   -81.821   -73.839
角度：    7.581   -81.821   -73.817
角度：    7.586   -81.815   -73.817
角度：    7.586   -81.815   -73.812
角度：    7.592   -81.815   -73.812
角度：    7.531   -81.815   -73.729
角度：    7.553   -81.815   -73.724
角度：    7.542   -81.815   -73.707
角度：    7.553   -81.815   -73.702
角度：    7.559   -81.810   -73.702
角度：    7.559   -81.810   -73.696
角度：    7.559   -81.810   -73.696
角度：    7.559   -81.810   -73.696
角度：    7.559   -81.810   -73.696
角度：    7.564   -81.810   -73.696
角度：    7.570   -81.810   -73.691
角度：    7.570   -81.804   -73.691
角度：    7.575   -81.804   -73.691
角度：    7.581   -81.804   -73.691
角度：    7.586   -81.804   -73.691
角度：    7.592   -81.804   -73.691
角度：    7.597   -81.804   -73.691
角度：    7.603   -81.810   -73.685
角度：    7.614   -81.810   -73.685
角度：    7.619   -81.810   -73.685
角度：    7.625   -81.810   -73.685
角度：    7.625   -81.810   -73.685
角度：    7.630   -81.810   -73.685
角度：    7.630   -81.810   -73.685
角度：    7.630   -81.810   -73.685
角度：    7.630   -81.810   -73.685
角度：    7.635   -81.810   -73.685
角度：    7.635   -81.810   -73.685
角度：    7.635   -81.810   -73.685
角度：    7.630   -81.810   -73.685
角度：    7.635   -81.810   -73.685
角度：    7.635   -81.810   -73.685
角度：    7.641   -81.810   -73.685
角度：    7.641   -81.810   -73.685
角度：    7.641   -81.810   -73.685
角度：    7.641   -81.810   -73.685
角度：    7.635   -81.810   -73.685
角度：    7.652   -81.810   -73.685
角度：    7.372   -81.799   -73.422
角度：    7.416   -81.793   -73.466
角度：    7.432   -81.799   -73.493
角度：    7.427   -81.799   -73.477
角度：    7.361   -81.810   -73.433
角度：    7.344   -81.815   -73.433
角度：    7.372   -81.815   -73.466
角度：    7.388   -81.821   -73.488
角度：    7.399   -81.821   -73.510
角度：    7.399   -81.821   -73.521
角度：    7.416   -81.821   -73.542
角度：    7.438   -81.832   -73.570
角度：    7.449   -81.837   -73.586
角度：    7.443   -81.832   -73.592
角度：    7.460   -81.826   -73.614
角度：    7.471   -81.832   -73.630
角度：    7.482   -81.832   -73.641
角度：    7.493   -81.832   -73.652
角度：    7.504   -81.832   -73.658
角度：    7.509   -81.832   -73.669
角度：    7.515   -81.826   -73.674
角度：    7.515   -81.826   -73.680
角度：    7.526   -81.826   -73.691
角度：    7.526   -81.826   -73.691
角度：    7.531   -81.826   -73.696
角度：    7.542   -81.826   -73.702
角度：    7.548   -81.821   -73.707
角度：    7.553   -81.821   -73.707
角度：    7.553   -81.821   -73.707
角度：    7.553   -81.826   -73.707
角度：    7.548   -81.821   -73.691
角度：    7.542   -81.804   -73.680
角度：    7.548   -81.804   -73.680
角度：    7.553   -81.804   -73.685
角度：    7.553   -81.804   -73.691
角度：    7.564   -81.804   -73.696
角度：    7.570   -81.804   -73.702
角度：    7.570   -81.799   -73.713
角度：    7.575   -81.799   -73.718
角度：    7.575   -81.799   -73.724
角度：    7.570   -81.799   -73.718
角度：    7.575   -81.799   -73.724
角度：    7.575   -81.793   -73.729
角度：    7.575   -81.793   -73.735
角度：    7.581   -81.793   -73.746
角度：    7.581   -81.793   -73.751
角度：    7.586   -81.793   -73.757
角度：    7.586   -81.793   -73.762
角度：    7.592   -81.793   -73.768
角度：    7.597   -81.799   -73.779
角度：    7.603   -81.799   -73.784
角度：    7.603   -81.799   -73.790
角度：    7.608   -81.799   -73.801
角度：    7.608   -81.799   -73.806
角度：    7.614   -81.799   -73.812
角度：    7.614   -81.799   -73.817
角度：    7.608   -81.799   -73.823
角度：    7.614   -81.799   -73.828
角度：    7.619   -81.799   -73.834
角度：    7.619   -81.799   -73.839
角度：    7.619   -81.799   -73.845
角度：    7.625   -81.799   -73.850
角度：    7.630   -81.799   -73.850
角度：    7.630   -81.799   -73.856
角度：    7.630   -81.799   -73.861
角度：    7.625   -81.804   -73.867
角度：    7.619   -81.804   -73.872
角度：    7.625   -81.804   -73.878
角度：    7.619   -81.804   -73.878
角度：    7.619   -81.804   -73.883
角度：    7.619   -81.810   -73.889
角度：    7.619   -81.810   -73.889
角度：    7.619   -81.810   -73.894
角度：    7.619   -81.810   -73.900
角度：    7.614   -81.810   -73.900
角度：    7.619   -81.815   -73.905
角度：    7.619   -81.815   -73.905
角度：    7.619   -81.815   -73.905
角度：    7.619   -81.810   -73.911
角度：    7.619   -81.810   -73.911
角度：    7.625   -81.810   -73.911
角度：    7.625   -81.810   -73.911
角度：    7.630   -81.810   -73.916
角度：    7.630   -81.810   -73.916
角度：    7.635   -81.810   -73.916
角度：    7.635   -81.810   -73.916
角度：    7.630   -81.810   -73.916
角度：    7.635   -81.810   -73.922
角度：    7.641   -81.804   -73.922
角度：    7.641   -81.804   -73.922
角度：    7.635   -81.804   -73.922
角度：    7.635   -81.804   -73.922
角度：    7.635   -81.804   -73.922
角度：    7.630   -81.804   -73.922
角度：    7.630   -81.804   -73.927
角度：    7.630   -81.804   -73.927
角度：    7.630   -81.804   -73.927
角度：    7.635   -81.804   -73.927
角度：    7.646   -81.804   -73.927
角度：    7.663   -81.799   -73.922
角度：    7.635   -81.793   -73.916
角度：    7.646   -81.793   -73.911
角度：    7.630   -81.782   -73.905
角度：    7.657   -81.771   -73.938
角度：    7.641   -81.771   -73.927
角度：    7.625   -81.771   -73.922
角度：    7.614   -81.771   -73.911
角度：    7.597   -81.777   -73.911
角度：    7.603   -81.777   -73.905
角度：    7.608   -81.771   -73.900
角度：    7.603   -81.771   -73.900
角度：    7.597   -81.771   -73.900
角度：    7.603   -81.782   -73.905
角度：    7.603   -81.777   -73.900
角度：    7.586   -81.766   -73.889
角度：    7.586   -81.766   -73.883
角度：    7.581   -81.766   -73.883
角度：    7.581   -81.766   -73.878
角度：    7.581   -81.766   -73.878
角度：    7.586   -81.766   -73.878
角度：    7.586   -81.766   -73.878
角度：    7.592   -81.771   -73.878
角度：    7.592   -81.771   -73.878
角度：    7.592   -81.771   -73.878
角度：    7.592   -81.777   -73.878
角度：    7.608   -81.771   -73.872
角度：    7.592   -81.760   -73.861
角度：    7.597   -81.755   -73.856
角度：    7.597   -81.755   -73.856
角度：    7.592   -81.755   -73.845
角度：    7.592   -81.755   -73.845
角度：    7.592   -81.755   -73.839
